11 1. 111111 11111111 111111. 18³1

11111111 11111111 111111 1111111111. 11111111, nempe Tyrium, qui 1111-

11111111111 quidem 1111111111, 111· 11111111 operiret: 111 11111 1111111.
11111111111111111111111111111111 re· 1111111111 111 adulteria 1111 1111111
11111111111111,11 fide 11111. 1111. 1. 1111111111 11111111.

1. (1111. 1.1. Ρ1111.111.1)1111.1111- 111011. 1111. 1111111111 111 11111111
rarumque. 11111111111111 111111· 111111111111111] 111 111111. 111.
11111 111111111 11111111 aliquam affe· 1111101111111.1111111111111111.
111111,1111111111 quidem 111 1111111 111111. 11111. 1111111. 1. 11. 111. 111.
111111111111,11111111111111111, 1111111111 11111 1111114 1⁸ τοῦ 811·
1111111111111111111 1111111111 11· σου 11 '1⁰²5 1111111111) mmmm·
111. 1111 1111111 ornei 11111111 1111111111 aba& τννσφῦλυωῑμὺ
1111111111. 111111111111111111, Ιο- 1111111111 11 καρκίνιον οὗ 1111111111·

11111 111 111 Plinio modo 1111111 m διαφθείρονται 1111111. Ρ11111 11-
111. 11. 1111. 1. 11 11111. 11. 11111 1111 11111111 11111111111111111111-

1111111111111111111111111111. 111111- 1111111111 cano: 111111 11111 1111111.
111,1111111111111111111111*111111 11111111 1111111111111 1111111111111
1111111111,’ 11111111, ‘ 1111111111 111. summumst. (1111111111111
1111111111 1111111111 11 commune: 111111111 1111111 1111111,11111111·
1111111 1111 11 1111111111 1111111 11111111111111,11111111111 1111 11111· ,
11111 11 1111111111111111111111111111 111. 1111 1111111111111111111,111.
11111111111111111111,11111111111.’ 1111 1111 1111111111 11111111, 111 111111
111. 1111. 011111111111 1111111111] 11111111111111111111111111.

111111111111,1111111111111111,11111- 111. 11111. 1111 1111111111 11111111
111 1111111111 11111 111111111111, 111 11111111. 1111111111] 8111111111 11111111

111111111111111111111111111111.1111111, 111111 111 codicum 1111. 1. 1. eon».
1111. 1.1. colb. 1. 1. Puris. chiffl. 1.1.1>1111. 011111.111.111111111111111
111. 1111111 1111111111 interpretes 1111111111,11111111111111111. 81111111
1111 1111111111111111111111111. ’1111111 11 Nat. 11111111. 11. 111.
1110111111111111111111111 1111. *Ρ11111111111111 11 1111111,
1111111111, 1111111111 1111111 1111111111 111111111111111111111111.’ Vox 111
1111111111 utura] 1111111 111111111- 11 1111. 11111.
1111111ιί111, ex 1111. proxime 111· 111011. 11111. 1111111111 11 11111Ι
duis: 1111 111111 11111 legemus Et 1111111111,11’111111 1111111111 1111111·
111111111111111111111111111111111111, 111111 1111111111, 1111111111] 111 1111.
11. 1111111111 11111111111111111- 111111. 111111111111111111111
111, 11 1 1111. 1111 1111111111. 11111- 111 11111111, 111 1111111 11111111-
111 111111111111111111 11 11 111 111. qno 1111 1111111111 111111111·
111111110118111111111111 11101 111111· 111111 1111111111111 11111111 111-
tur 1 ‘ 1111111111111111111111111111 1111,111111111111 1111111111 Ρ1111-
11111111, 1111111 111111111111111 111111111111111111. 11111111111111
1111.’ Sed 1111111111111111811111· 111 1111111111 111111111111 1111111-
111 1111111111,111. 1111. 11 Solin- 1111111,1111111111111111 obtorpue-
111111 1111 1111111 11111111111111· 11, fug· 11111111 1111 imputet, 11-
1111111111·11111111111111111 1111111 111111 commode, 11 11111111,111111.
11111111111111111 pelagium 11111- 111. 1111. 01111111, 111 111111] De
11111111 1111 111111 longe Plinius 11111111111111111111111111,111
1111111111111111111 jum 1111111111- 1111111 1111111111, 111.’ 11. 1111111
11111 1111111111,1111111 1111111111- 111111111111111 1111111111111111111·
11111 1111111,1111111111111111111111 11111111 Plinius: 111111 111111 111-
111111. 11111111 1111111 11111111 111 111, inquit 11111. 111111. 11. 11.

 

